


morocc,155,116,6	script	Quest ITEM EGG#1	564,{ callfunc "costume"; }

-	script	quest_costume	-1,{ 

function Add; function Chk; function Slot;

OnInit:

	freeloop(1);
	set .Announce,1;	// ประกาศเมื่อได้เสร็จสินเควส ? (1: ใช่ / 0: ไม่)
	set .ShowSlot,1;	// แสดง สล๊อต ไอเท็ม ? (2: แสดงทั้งหมด / 1: ถ้า สล๊อตน้อยกว่า > 0 / 0: never)
	set .ShowID,1;  	// แสดง รหัสไอเท็ม ? (1: ใช่ / 0: ไม่)
	set .ShowZeny,0;	// แสดงผล Zeny ถ้ามีค่าใช้จ่าย, ? (1: ใช่ / 0: ไม่)
	set .MaxStack,100;	// จำนวนสูงสุดของรายการเควส




// -----------------------------------------------------------
//  คะแนนพอยท์ ตัวแปร -- ตัวเลือกเควส.
//	setarray .Points$[0],"<ชื่อตัวแปร>","<การแสดงผล>";
// -----------------------------------------------------------

	setarray .Points$[0],"#CASHPOINTS","Cash Points";

// -----------------------------------------------------------
//  รหัสร้านค้า -- การเพิ่มร้านค้า, คัดลอกข้อมูลที่ด้านล่างของไฟล์.
//	setarray .Shops$[1],"<Shop 1>","<Shop 2>","<Shop 3>",<Shop 4>;
// -----------------------------------------------------------

	setarray .Shops$[1],"เควสทำ Item จากไข่","เควสทำ Godly Item","เควสทำ Item ตกปลา";

// -----------------------------------------------------------
//  รายการเควส -- ไม่ใช้รายการรางวัลมากกว่าหนึ่งครั้ง!
//	Add(<รหัสร้านค้า>,<รหัสรางวัล>,<จำนวนรางวัล>,
//	    <ค่าใช้จ่าย Zeny>,<ค่าใช้จ่าย Cash Points>,
//	    <รหัสไอดี รายการที่ต้องหา>,<จำนวนของรายการที่ต้องหา>{,...});
// -----------------------------------------------------------


	Add(2,7058,1,0,0,7080,4,7081,5,7082,4,7084,3,7085,3);
	Add(2,2629,1,0,0,7058,1,969,20);
	Add(2,2410,1,0,0,7076,3,7079,5,7083,3,7087,3,7086,4,969,20);
	Add(2,1530,1,0,0,7074,2,7075,4,7078,5,7089,5,7091,5,969,20);
	Add(2,2630,1,0,0,7073,4,7077,4,7088,3,7090,3,7092,3,969,20);
	Add(2,2383,1,0,0,7830,1,7831,1,7832,1,7833,1,7834,1,969,20,7510,100);
	Add(2,2541,1,0,0,7835,1,7836,1,7837,1,7838,1,969,20,7510,100);


	Add(1,420006,1,5000000,0,7511,500,12040,10,6607,50,6608,100,1300085,50);
	Add(1,470061,1,5000000,0,7511,500,12040,10,6607,50,6608,100,1300085,50);
	Add(1,19437,1,5000000,0,7511,500,12040,10,6607,50,6608,100,1300085,30);
	Add(1,490079,1,5000000,0,7511,500,12040,10,6607,50,6608,100,1300085,30);
	Add(1,28916,1,5000000,0,7511,500,12040,10,6607,50,6608,100);
	Add(1,24563,1,200000,0,6607,10,6608,30);
	Add(1,24564,1,200000,0,6607,10,6608,30);
	Add(1,24565,1,200000,0,6607,10,6608,30);
	Add(1,24575,1,200000,0,6607,10,6608,30);
	Add(1,24576,1,200000,0,6607,10,6608,30);
	Add(1,24577,1,200000,0,6607,10,6608,30);



	Add(1,410344,1,5000000,0,7511,500,12040,10,6607,50,6608,100,1300085,50);
	Add(1,490413,1,5000000,0,7511,500,12040,10,6607,50,6608,100,1300085,50);
	Add(1,20951,1,5000000,0,7511,500,12040,10,6607,50,6608,100,1300085,30);
	Add(1,24243,1,200000,0,6607,10,6608,30);
	Add(1,24244,1,200000,0,6607,10,6608,30);
	Add(1,24245,1,200000,0,6607,10,6608,30);
	Add(1,24439,1,200000,0,6607,10,6608,30);
	Add(1,24685,1,200000,0,6607,10,6608,30);
	Add(1,24342,1,200000,0,6607,10,6608,30);
	Add(1,24341,1,200000,0,6607,10,6608,30);



	Add(1,470258,1,5000000,0,7511,500,12040,10,6607,50,6608,100,1300085,50);
	Add(1,400094,1,5000000,0,7511,500,12040,10,6607,50,6608,100,1300085,20);
	Add(1,400095,1,5000000,0,7511,500,12040,10,6607,50,6608,100,1300085,20);
	Add(1,20931,1,5000000,0,7511,500,12040,10,6607,50,6608,100,1300085,20);
	Add(1,24396,1,200000,0,6607,10,6608,30);
	Add(1,24397,1,200000,0,6607,10,6608,30);
	Add(1,24398,1,200000,0,6607,10,6608,30);


	Add(1,470272,1,5000000,0,7511,500,12040,10,6607,50,6608,100,1300085,50);
	Add(1,400120,1,5000000,0,7511,500,12040,10,6607,50,6608,100,1300085,20);
	Add(1,400121,1,5000000,0,7511,500,12040,10,6607,50,6608,100,1300085,20);
	Add(1,490096,1,5000000,0,7511,500,12040,10,6607,50,6608,100,1300085,50);
	Add(1,15283,1,5000000,0,7511,500,12040,10,6607,50,6608,100,1300085,10);
	Add(1,15189,1,5000000,0,7511,500,12040,10,6607,50,6608,100,1300085,10);
	Add(1,24393,1,200000,0,6607,10,6608,30);
	Add(1,24394,1,200000,0,6607,10,6608,30);
	Add(1,24395,1,200000,0,6607,10,6608,30);



	Add(1,470270,1,5000000,0,7511,500,12040,10,6607,50,6608,100,1300085,50);
	Add(1,400118,1,5000000,0,7511,500,12040,10,6607,50,6608,100,1300085,20);
	Add(1,400119,1,5000000,0,7511,500,12040,10,6607,50,6608,100,1300085,20);
	Add(1,490013,1,5000000,0,7511,500,12040,10,6607,50,6608,100,1300085,10);
	Add(1,24494,1,200000,0,6607,10,6608,30);
	Add(1,24495,1,200000,0,6607,10,6608,30);
	Add(1,24496,1,200000,0,6607,10,6608,30);


	Add(1,470267,1,5000000,0,7511,500,12040,10,6607,50,6608,100,1300085,50);
	Add(1,400098,1,5000000,0,7511,500,12040,10,6607,50,6608,100,1300085,20);
	Add(1,400117,1,5000000,0,7511,500,12040,10,6607,50,6608,100,1300085,20);
	Add(1,400099,1,5000000,0,7511,500,12040,10,6607,50,6608,100,1300085,10);
	Add(1,420076,1,5000000,0,7511,500,12040,10,6607,50,6608,100,1300085,1);
	Add(1,24399,1,200000,0,6607,10,6608,30);
	Add(1,24400,1,200000,0,6607,10,6608,30);
	Add(1,24500,1,200000,0,6607,10,6608,30);
	Add(1,24501,1,200000,0,6607,10,6608,30);
	Add(1,24502,1,200000,0,6607,10,6608,30);


	Add(1,470263,1,5000000,0,7511,500,12040,10,6607,50,6608,100,1300085,50);
	Add(1,400116,1,5000000,0,7511,500,12040,10,6607,50,6608,100,1300085,20);
	Add(1,400117,1,5000000,0,7511,500,12040,10,6607,50,6608,100,1300085,20);
	Add(1,490208,1,5000000,0,7511,500,12040,10,6607,50,6608,100,1300085,10);
	Add(1,24536,1,200000,0,6607,10,6608,30);
	Add(1,24537,1,200000,0,6607,10,6608,30);
	Add(1,24538,1,200000,0,6607,10,6608,30);
	Add(1,24076,1,200000,0,6607,10,6608,30);
	Add(1,24073,1,200000,0,6607,10,6608,30);



	Add(1,470255,1,5000000,0,7511,500,12040,10,6607,50,6608,100,1300085,50);
	Add(1,400078,1,5000000,0,7511,500,12040,10,6607,50,6608,100,1300085,20);
	Add(1,400079,1,5000000,0,7511,500,12040,10,6607,50,6608,100,1300085,20);
	Add(1,480023,1,5000000,0,7511,500,12040,10,6607,50,6608,100,1300085,10);
	Add(1,24467,1,200000,0,6607,10,6608,30);
	Add(1,24468,1,200000,0,6607,10,6608,30);
	Add(1,24469,1,200000,0,6607,10,6608,30);
	Add(1,24575,1,200000,0,6607,10,6608,30);
	Add(1,24576,1,200000,0,6607,10,6608,30);
	Add(1,24577,1,200000,0,6607,10,6608,30);



	Add(1,2182,1,5000000,0,7511,500,12040,10,6607,50,6608,100,1300085,50);
	Add(1,480084,1,5000000,0,7511,500,12040,10,6607,50,6608,100,1300085,20);
	Add(1,28598,1,5000000,0,7511,500,12040,10,6607,50,6608,100,1300085,5);
	Add(1,24473,1,200000,0,6607,10,6608,30);
	Add(1,24474,1,200000,0,6607,10,6608,30);
	Add(1,24475,1,200000,0,6607,10,6608,30);
	Add(1,24491,1,200000,0,6607,10,6608,30);
	Add(1,24492,1,200000,0,6607,10,6608,30);
	Add(1,24493,1,200000,0,6607,10,6608,30);




	Add(1,470033,1,5000000,0,7511,500,12040,10,6607,50,6608,100,1300085,10);
	Add(1,18852,1,5000000,0,7511,500,12040,10,6607,50,6608,100,1300085,5);
	Add(1,2979,1,5000000,0,7511,500,12040,10,6607,50,6608,100,1300085,5);
	Add(1,28430,1,5000000,0,7511,500,12040,10,6607,50,6608,100,1300085,10);
	Add(1,32203,1,5000000,0,7511,500,12040,10,6607,50,6608,100,1300085,5);
	Add(1,28564,1,5000000,0,7511,500,12040,10,6607,50,6608,100,1300085,5);
	Add(1,24167,1,200000,0,6607,10,6608,30);
	Add(1,24166,1,200000,0,6607,10,6608,30);
	Add(1,24156,1,200000,0,6607,10,6608,30);
	Add(1,24157,1,200000,0,6607,10,6608,30);
	Add(1,24158,1,200000,0,6607,10,6608,30);
	Add(1,24159,1,200000,0,6607,10,6608,30);
	Add(1,24160,1,200000,0,6607,10,6608,30);
	Add(1,24161,1,200000,0,6607,10,6608,30);
	Add(1,24162,1,200000,0,6607,10,6608,30);
	Add(1,24163,1,200000,0,6607,10,6608,30);
	Add(1,24164,1,200000,0,6607,10,6608,30);
	Add(1,24165,1,200000,0,6607,10,6608,30);




	Add(1,19379,1,5000000,0,7511,500,12040,10,6607,50,6608,100,1300085,10);
	Add(1,450165,1,5000000,0,7511,500,12040,10,6607,50,6608,100,1300085,10);
	Add(1,470048,1,5000000,0,7511,500,12040,10,6607,50,6608,100,1300085,10);
	Add(1,20813,1,5000000,0,1237,3,7511,500,12040,10,1300085,2);
	Add(1,22170,1,5000000,0,1237,3,7511,500,12040,10,1300085,2);
	Add(1,20922,1,5000000,0,1237,3,7511,500,12040,10,1300085,2);
	Add(1,15278,1,5000000,0,1237,3,7511,500,12040,10,1300085,5);
	Add(1,15279,1,5000000,0,1237,3,7511,500,12040,10,1300085,5);
	Add(1,15346,1,5000000,0,1237,3,7511,500,12040,10,1300085,5);
	Add(1,15347,1,5000000,0,1237,3,7511,500,12040,10,1300085,5);
	Add(1,15353,1,5000000,0,1237,3,7511,500,12040,10,1300085,5);
	Add(1,15354,1,5000000,0,1237,3,7511,500,12040,10,1300085,5);


	Add(1,450175,1,5000000,0,7511,500,12040,10,6607,50,6608,100,1300085,10);
	Add(1,480076,1,5000000,0,7511,500,12040,10,6607,50,6608,100,1300085,10);
	Add(1,22202,1,5000000,0,7511,500,12040,10,6607,50,6608,100,1300085,10);
	Add(1,5933,1,5000000,0,1237,3,7511,500,12040,10,1300085,5);
	Add(1,19112,1,5000000,0,1237,3,7511,500,12040,10,1300085,2);
	Add(1,20941,1,5000000,0,1237,3,7511,500,12040,10,1300085,5);
	Add(1,28503,1,5000000,0,1237,3,7511,500,12040,10,1300085,2);
	Add(1,28921,1,5000000,0,1237,3,7511,500,12040,10,1300085,2);
	Add(1,24090,1,200000,0,6607,10,6608,30);
	Add(1,24099,1,200000,0,6607,10,6608,30);
	Add(1,24101,1,200000,0,6607,10,6608,30);
	Add(1,24100,1,200000,0,6607,10,6608,30);



	Add(1,5918,1,5000000,0,1237,3,7511,500,12040,10,1300085,10);
	Add(1,19306,1,5000000,0,1237,3,7511,500,12040,10,1300085,5);
	Add(1,480161,1,5000000,0,1237,3,7511,500,12040,10,1300085,8);
	Add(1,480166,1,5000000,0,1237,3,7511,500,12040,10,1300085,8);
	Add(1,480172,1,5000000,0,1237,3,7511,500,12040,10,1300085,8);
	Add(1,18839,1,5000000,0,1237,3,7511,500,12040,10,1300085,2);
	Add(1,18959,1,5000000,0,1237,3,7511,500,12040,10,1300085,2);
	Add(1,2177,1,5000000,0,1237,3,7511,500,12040,10,1300085,1);
	Add(1,18574,1,5000000,0,1237,3,7511,500,12040,10,1300085,1);
	Add(1,24030,1,200000,0,6607,10,6608,30);
	Add(1,24032,1,200000,0,6607,10,6608,30);
	Add(1,24112,1,200000,0,6607,10,6608,30);
	Add(1,24113,1,200000,0,6607,10,6608,30);
	Add(1,24111,1,200000,0,6607,10,6608,30);




	Add(1,19138,1,5000000,0,1237,3,7511,500,12040,10,1300085,10);
	Add(1,19327,1,5000000,0,1237,3,7511,500,12040,10,1300085,2);
	Add(1,28945,1,5000000,0,1237,3,7511,500,12040,10,1300085,5);
	Add(1,19274,1,5000000,0,1237,3,7511,500,12040,10,1300085,10);
	Add(1,20940,1,5000000,0,1237,3,7511,500,12040,10,1300085,5);
	Add(1,19245,1,5000000,0,1237,3,7511,500,12040,10,1300085,2);
	Add(1,19241,1,5000000,0,1237,3,7511,500,12040,10,1300085,2);
	Add(1,24063,1,200000,0,6607,10,6608,30);
	Add(1,24053,1,200000,0,6607,10,6608,30);




	Add(1,28507,1,5000000,0,1237,3,7511,500,12040,10,1300085,10);
	Add(1,28941,1,5000000,0,1237,3,7511,500,12040,10,1300085,10);
	Add(1,18823,1,5000000,0,1237,3,7511,500,12040,10,1300085,10);
	Add(1,19246,1,5000000,0,1237,3,7511,500,12040,10,1300085,5);
	Add(1,28438,1,5000000,0,1237,3,7511,500,12040,10,1300085,5);
	Add(1,19409,1,5000000,0,1237,3,7511,500,12040,10,1300085,5);
	Add(1,20963,1,5000000,0,1237,3,7511,500,12040,10,1300085,5);
	Add(1,20964,1,5000000,0,1237,3,7511,500,12040,10,1300085,5);
	Add(1,20965,1,5000000,0,1237,3,7511,500,12040,10,1300085,5);
	Add(1,20966,1,5000000,0,1237,3,7511,500,12040,10,1300085,5);
	Add(1,20967,1,5000000,0,1237,3,7511,500,12040,10,1300085,5);
	Add(1,20968,1,5000000,0,1237,3,7511,500,12040,10,1300085,5);
	Add(1,24081,1,200000,0,6607,10,6608,30);
	Add(1,24082,1,200000,0,6607,10,6608,30);
	Add(1,24083,1,200000,0,6607,10,6608,30);





	Add(1,20931,1,5000000,0,1237,3,7511,500,12040,10,1300085,10);
	Add(1,28902,1,5000000,0,1237,3,7511,500,12040,10,12040,5);
	Add(1,28502,1,5000000,0,1237,3,7511,500,12040,10,1300085,10);
	Add(1,2202,1,5000000,0,1237,3,7511,500,12040,10,1300085,5);
	Add(1,15204,1,5000000,0,7799,200,7511,200,7510,5,1300085,5);
	Add(1,19263,1,5000000,0,1237,3,7511,500,12040,10,1300085,5);
	Add(1,19020,1,5000000,0,1237,3,7511,500,12040,10,1300085,5);
	Add(1,19139,1,5000000,0,1237,3,7511,500,12040,10,1300085,5);
	Add(1,24217,1,200000,0,6607,10,6608,30);
	Add(1,24218,1,200000,0,6607,10,6608,30);
	Add(1,24231,1,200000,0,6607,10,6608,30);
	Add(1,24232,1,200000,0,6607,10,6608,30);
	Add(1,24343,1,200000,0,6607,10,6608,30);
	Add(1,24344,1,200000,0,6607,10,6608,30);




	Add(1,28717,1,500000,0,1237,3,7511,500,12040,10);
	Add(1,5966,1,500000,0,1237,3,7511,500,12040,10);
	Add(1,2198,1,500000,0,7799,200,7511,200,7510,5);
	Add(1,28521,1,500000,0,1237,3,7511,500,12040,10);
	Add(1,19308,1,500000,0,2677,3,7511,500,12040,10);
	Add(1,28501,1,500000,0,1237,3,7511,500,12040,10);
	Add(1,5497,1,500000,0,7799,200,7511,200,7510,5);
	Add(1,2965,1,500000,0,7799,200,7511,200,7510,5);
	Add(1,15186,1,500000,0,7799,200,7511,200,7510,5);
	Add(1,19168,1,500000,0,7799,200,7511,200,7510,5);
	Add(1,18797,1,100000,0,10018,1,732,10);
	Add(1,18798,1,100000,0,10018,1,732,10);
	Add(1,24019,1,200000,0,6607,10,6608,30);
	Add(1,24020,1,200000,0,6607,10,6608,30);
	Add(1,24018,1,200000,0,6607,10,6608,30);
	Add(1,24022,1,200000,0,6607,10,6608,30);
	Add(1,24023,1,200000,0,6607,10,6608,30);
	Add(1,24021,1,200000,0,6607,10,6608,30);



	Add(3,6635,1,0,0,1400001,50,1400002,50,1400003,50,1400004,20,1400005,20);
	Add(3,20105,1,0,0,1400001,5000,1400002,5000,1400003,5000,1400004,300,1400005,300);
	Add(3,20107,1,0,0,1400001,5000,1400002,5000,1400003,5000,1400004,300,1400005,300);
	Add(3,18912,1,0,0,1400001,10000,1400002,10000,1400003,10000,1400004,500,1400005,500);
	Add(3,31691,1,0,0,18912,1,25668,20);
	Add(3,24012,1,0,0,1400001,2000,1400002,2000,1400003,2000,1400004,200,1400005,200);
	Add(3,24013,1,0,0,1400001,2000,1400002,2000,1400003,2000,1400004,200,1400005,200);
	Add(3,24014,1,0,0,1400001,2000,1400002,2000,1400003,2000,1400004,200,1400005,200);
	Add(3,24015,1,0,0,1400001,2000,1400002,2000,1400003,2000,1400004,200,1400005,200);
	Add(3,24016,1,0,0,1400001,2000,1400002,2000,1400003,2000,1400004,200,1400005,200);
	Add(3,24017,1,0,0,1400001,2000,1400002,2000,1400003,2000,1400004,200,1400005,200);
	Add(3,7073,1,0,1000,1400004,500,1400005,500);
	Add(3,7074,1,0,1000,1400004,500,1400005,500);
	Add(3,7075,1,0,1000,1400004,500,1400005,500);
	Add(3,7076,1,0,1000,1400004,500,1400005,500);
	Add(3,7077,1,0,1000,1400004,500,1400005,500);
	Add(3,7078,1,0,1000,1400004,500,1400005,500);
	Add(3,7079,1,0,1000,1400004,500,1400005,500);
	Add(3,7080,1,0,1000,1400004,500,1400005,500);
	Add(3,7081,1,0,1000,1400004,500,1400005,500);
	Add(3,7082,1,0,1000,1400004,500,1400005,500);
	Add(3,7083,1,0,1000,1400004,500,1400005,500);
	Add(3,7084,1,0,1000,1400004,500,1400005,500);
	Add(3,7085,1,0,1000,1400004,500,1400005,500);
	Add(3,7086,1,0,1000,1400004,500,1400005,500);
	Add(3,7087,1,0,1000,1400004,500,1400005,500);
	Add(3,7088,1,0,1000,1400004,500,1400005,500);
	Add(3,7089,1,0,1000,1400004,500,1400005,500);
	Add(3,7090,1,0,1000,1400004,500,1400005,500);
	Add(3,7091,1,0,1000,1400004,500,1400005,500);
	Add(3,7092,1,0,1000,1400004,500,1400005,500);
	Add(3,7830,1,0,1000,1400004,500,1400005,500);
	Add(3,7831,1,0,1000,1400004,500,1400005,500);
	Add(3,7832,1,0,1000,1400004,500,1400005,500);
	Add(3,7833,1,0,1000,1400004,500,1400005,500);
	Add(3,7834,1,0,1000,1400004,500,1400005,500);
	Add(3,7835,1,0,1000,1400004,500,1400005,500);
	Add(3,7836,1,0,1000,1400004,500,1400005,500);
	Add(3,7837,1,0,1000,1400004,500,1400005,500);
	Add(3,7838,1,0,1000,1400004,500,1400005,500);



// -----------------------------------------------------------

	freeloop(0);
	set .menu$,"";
	for(set .@i,1; .@i<=getarraysize(.Shops$); set .@i,.@i+1) {
		set .menu$, .menu$+.Shops$[.@i]+":";
		npcshopdelitem "costume"+.@i,909;
	}
	end;

OnMenu:
	set .@size, getarraysize(@i);
	if (!.@size) set @shop_index, select(.menu$);
	else if (.@size == 1) set @shop_index, @i[0];
	else {
		for(set .@j,0; .@j<.@size; set .@j,.@j+1)
			set .@menu$, .@menu$+.Shops$[@i[.@j]]+":";
		set @shop_index, @i[select(.@menu$)-1];
	}
	deletearray @i[0],getarraysize(@i);
	if (.Shops$[@shop_index] == "") {
		message strcharinfo(0),"มีข้อผิดพลาดที่เกิดขึ้น.";
		end;
	}
	dispbottom "กรุณาเลือกรายการในเวลาที่กำหนด.";
	callshop "costume"+@shop_index,1;
	npcshopattach "costume"+@shop_index;
	end;

OnBuyItem:

	setarray .@q[0],@bought_nameid[0],((@bought_quantity[0] > .MaxStack)?.MaxStack:@bought_quantity[0]);
	copyarray .@q[3],getd(".q_"+@shop_index+"_"+.@q[0]+"[0]"),getarraysize(getd(".q_"+@shop_index+"_"+.@q[0]));
	set .@q[2],.@q[1]*.@q[3];
	if (!.@q[2] || .@q[2] > 30000) {
		message strcharinfo(0),"คุณไม่สามารถซื้อ "+getitemname(.@q[0])+" ครั้งละ หลายรายการ.";
		end;
	}
	mes "[Quest Shop]";
	mes "รางวัล: ^0055FF"+((.@q[2] > 1)?.@q[2]+"x ":"")+Slot(.@q[0])+"^000000";
	mes "รายการที่ต้องหา:";
	disable_items;
	if (.@q[4]) mes " > "+Chk(Zeny,.@q[4]*.@q[1])+(.@q[4]*.@q[1])+" Zeny^000000";
	if (.@q[5]) mes " > "+Chk(getd(.Points$[0]),.@q[5]*.@q[1])+(.@q[5]*.@q[1])+" "+.Points$[1]+" ("+getd(.Points$[0])+"/"+(.@q[5]*.@q[1])+")^000000";
	if (.@q[6]) for(set .@i,6; .@i<getarraysize(.@q); set .@i,.@i+2)
		mes " > "+Chk(countitem(.@q[.@i]),.@q[.@i+1]*.@q[1])+((.ShowID)?"{"+.@q[.@i]+"} ":"")+Slot(.@q[.@i])+" ("+countitem(.@q[.@i])+"/"+(.@q[.@i+1]*.@q[1])+")^000000";
	next;
	setarray @qe[1], getiteminfo(.@q[0],5), getiteminfo(.@q[0],11);
	if (@qe[2] > 0 && ((@qe[1] & 1) || (@qe[1] & 256) || (@qe[1] & 512) || (@qe[1] & 1024) || (@qe[1] & 2048) || (@qe[1] & 4096) || (@qe[1] & 4) || (@qe[1] & 8192)))
		set .@preview,1;
	addtimer 1000, strnpcinfo(0)+"::OnEnd";
	while(1) {
		switch(select(" ~ แลก ^0055FF"+getitemname(.@q[0])+"^000000 ทันที:"+((.@preview && !@qe[7])?" ~ ทดลองสวมใส่...":"")+": ~ ^777777ยกเลิก^000000")) {
		case 1:
			if (@qe[0]) { 
				mes "[Quest Shop]";
				mes "คุณไม่มีรายการไอเท็มที่ต้องหา กรุณาตรวจสอบอีกครั้ง.";
				close;
			}
			if (!checkweight(.@q[0],.@q[2])) {
				mes "[Quest Shop]";
				mes "^FF0000คุณต้องลดน้ำหนัก "+(((.@q[2]*getiteminfo(.@q[0],6))+Weight-MaxWeight)/10)+" เพื่อรองรับไอเท็มนี้.^000000";
				close;
			}
			if (.@q[4]) set Zeny, Zeny-(.@q[4]*.@q[1]);
			if (.@q[5]) setd .Points$[0], getd(.Points$[0])-(.@q[5]*.@q[1]);
			if (.@q[6]) for(set .@i,6; .@i<getarraysize(.@q); set .@i,.@i+2)
				delitem .@q[.@i],.@q[.@i+1]*.@q[1];
			getitem .@q[0],.@q[2];
			if (.Announce) announce strcharinfo(0)+" ได้สร้าง "+((.@q[2] > 1)?.@q[2]+"x "+getitemname(.@q[0]):callfunc("F_InsertArticle",getitemname(.@q[0])))+"!",0;
			specialeffect2 EF_FLOWERLEAF;
			close;
		case 2:
			setarray @qe[3], getlook(LOOK_HEAD_BOTTOM), getlook(LOOK_HEAD_TOP), getlook(LOOK_HEAD_MID), getlook(LOOK_ROBE), 1;
			if ((@qe[1] & 1) || (@qe[1] & 4096)) changelook LOOK_HEAD_BOTTOM, @qe[2];
			else if ((@qe[1] & 256) || (@qe[1] & 1024)) changelook LOOK_HEAD_TOP, @qe[2];
			else if ((@qe[1] & 512) || (@qe[1] & 2048)) changelook LOOK_HEAD_MID, @qe[2];
			else if ((@qe[1] & 4) || (@qe[1] & 8192)) changelook LOOK_ROBE, @qe[2];
			break;
		case 3:
			close;
		}
	}

OnEnd:
	if (@qe[7]) {
		changelook LOOK_HEAD_BOTTOM, @qe[3];
		changelook LOOK_HEAD_TOP, @qe[4];
		changelook LOOK_HEAD_MID, @qe[5];
		changelook LOOK_ROBE, @qe[6];
	}
	deletearray @qe[0],8;
	end;

function Add {
	if (getitemname(getarg(1)) == "null") {
		debugmes "Quest reward #"+getarg(1)+" invalid (skipped).";
		return;
	}
	setarray .@j[0],getarg(2),getarg(3),getarg(4);
	for(set .@i,5; .@i<getargcount(); set .@i,.@i+2) {
		if (getitemname(getarg(.@i)) == "null") {
			debugmes "Quest requirement #"+getarg(.@i)+" invalid (skipped).";
			return;
		} else
			setarray .@j[.@i-2],getarg(.@i),getarg(.@i+1);
	}
	copyarray getd(".q_"+getarg(0)+"_"+getarg(1)+"[0]"),.@j[0],getarraysize(.@j);
	npcshopadditem "costume"+getarg(0),getarg(1),((.ShowZeny)?getarg(3):0);
	return;
}

function Chk {
	if (getarg(0) < getarg(1)) {
		set @qe[0],1;
		return "^FF0000";
	} else
		return "^00FF00";
}

function Slot {
	set .@s$,getitemname(getarg(0));
	switch(.ShowSlot) {
		case 1: if (!getitemslots(getarg(0))) return .@s$;
		case 2: if (getiteminfo(getarg(0),2) == 4 || getiteminfo(getarg(0),2) == 5) return .@s$+" ["+getitemslots(getarg(0))+"]";
		default: return .@s$;
	}
}
}

function	script	costume	{
	deletearray @i[0],getarraysize(@i);
	for(set .@i,0; .@i<getargcount(); set .@i,.@i+1)
		set @i[.@i],getarg(.@i);
	doevent "quest_costume::OnMenu";
	end;
OnInit:
	waitingroom "เควสทำของสวมใส่ที่ได้จากไข่",0;
	end;
}



// Dummy ข้อมูลร้าค้า -- คัดลอกตามความจำเป็น
//============================================================

-	shop	costume1	-1,909:-1
-	shop	costume2	-2,909:-2
-	shop	costume3	-3,909:-3
